2253,2249,2249,2249,