1113,1107,1108,1105,1106,452,958,1095,956,