1156,812,910,1154,807,1116,333,585,1092,344,345,346,