1538,1535,1536,1530,1336,1525,