2999,2997,3004,